[[ 1.49659570e-01  6.97233459e-02  8.32553530e-02 -3.42504390e-01
   1.87879126e-01  8.20308475e-02 -8.48042039e-02  8.42053910e-02]
 [-2.03931768e-01 -1.11050413e-01  2.42606092e-01 -8.01596730e-02
  -1.29578611e-01 -2.47935241e-01  6.71034961e-02 -2.30099274e-01]
 [ 6.69422519e-02  2.42728334e-02 -1.67431885e-01  3.18955718e-01
  -1.27738730e-02  2.48988835e-01 -7.11817463e-02  1.42050011e-01]
 [ 2.07466880e-01  1.34779905e-01  1.96724529e-01 -2.67731032e-01
   3.12086920e-02  1.61459240e-01 -7.06534064e-02  1.52417552e-01]
 [ 2.63191115e-01 -1.91125811e-01 -1.45908077e-01  1.54027840e-01
   1.22078246e-01  2.91718493e-01 -9.71852947e-02  7.21178788e-02]
 [-8.35663411e-02  2.23933968e-04  2.55685191e-01  2.97572904e-01
  -1.57252726e-01  6.29173283e-02 -8.03346743e-02  1.44509943e-01]
 [-1.10043863e-01  3.20501967e-01 -9.31930067e-02  6.07482675e-02
  -3.93075459e-02 -1.11431524e-01  1.37989714e-01  2.72515166e-02]
 [-1.61773777e-01 -2.28128038e-01  5.39213649e-03  7.53940791e-02
   1.53781678e-02 -1.41369740e-01  3.09784443e-02 -2.59622001e-01]
 [ 1.63542424e-01 -2.43713763e-01 -2.06558102e-01 -2.48278193e-01
   1.18450371e-01  2.03471213e-02 -1.41520321e-02 -7.77320061e-02]
 [ 5.63451350e-02 -4.03971155e-01 -2.27626185e-01 -4.12243671e-02
   1.07509924e-01  6.82823237e-02 -3.37026648e-02 -5.18552953e-02]
 [ 8.58068318e-02  1.75331207e-01 -2.26910558e-01  1.76434351e-01
  -4.31678414e-02  1.17451668e-01  1.10614470e-02  1.34022462e-01]
 [ 1.67183194e-02 -3.74284306e-01 -2.00314551e-01  8.19942559e-02
   4.22641386e-02  1.22366000e-01 -1.19546495e-01 -1.05062590e-01]
 [ 1.19092717e-01  1.87073109e-01 -9.82725630e-02 -3.33184256e-01
   1.08283132e-01 -3.23954179e-02 -4.53742413e-03  6.31392396e-02]
 [-1.57381461e-01  1.45795144e-01 -2.96485175e-01  1.95784957e-01
  -9.39968766e-02 -5.09362200e-02  7.40496899e-02 -1.38389909e-02]
 [ 1.79944536e-02  2.15193463e-01  4.20064180e-02 -2.66723580e-01
   1.60755765e-01 -2.60375282e-01  2.98133845e-02 -7.04479208e-02]
 [-1.09253963e-01 -2.22185427e-01 -2.03882885e-01  2.19426877e-01
  -8.39585604e-02  5.18458817e-02 -1.21583278e-01 -1.32318120e-01]
 [-8.01101159e-02  1.42932426e-01  4.65125192e-02  3.17617871e-01
  -2.24960380e-01 -9.91388389e-02  1.38336640e-01  1.12225613e-01]
 [ 1.09377665e-01  8.07681463e-02  3.20541331e-01 -1.78244655e-01
   1.39997403e-02  1.39160956e-01 -2.43207077e-02  1.57396448e-01]
 [ 1.33932162e-01 -1.16905693e-01 -2.59049190e-01  6.30681225e-03
   1.06875281e-01  1.52978251e-01 -1.04760145e-02 -3.05437081e-02]
 [ 8.26488902e-02  1.18302092e-01  3.06912657e-02  2.80648721e-01
  -1.68409492e-01  1.86962987e-01  1.82122401e-02  2.84402135e-01]
 [-1.91726169e-01 -2.42184922e-01  1.26901496e-01  1.81135662e-01
  -1.53403538e-01 -4.70389462e-02 -1.03225433e-01 -1.79834687e-01]
 [ 4.66581345e-02  1.71619881e-01  1.52278325e-01 -2.15138229e-01
   2.37168606e-02 -1.32716914e-01  3.69572471e-02 -4.39149324e-02]
 [ 1.76703319e-01 -1.86425731e-01  3.31221732e-01 -2.66007340e-02
   5.66897621e-02  9.42158469e-02 -2.07558871e-01  9.58229193e-02]
 [ 7.70207751e-02 -7.94865193e-02 -2.18401843e-02  2.99314906e-01
  -4.14347124e-02  2.47860553e-01 -1.07512454e-01  1.51729321e-01]
 [ 2.00492516e-02 -6.48692189e-02 -7.77844563e-02 -2.26636926e-01
   1.93250761e-01 -2.69565244e-01  2.02131779e-02 -2.10838283e-01]
 [-9.14762580e-02 -2.05717361e-02 -1.78457924e-01 -1.19922326e-01
   1.30841963e-01 -1.84102495e-01  1.45670614e-01 -1.89151837e-01]
 [ 9.96851033e-02  1.22249937e-01  3.67073440e-01 -1.01551149e-01
  -1.52264015e-01  3.49476002e-02  3.39476044e-02  1.73513672e-01]
 [ 6.47649060e-02 -2.08584385e-01 -3.49161552e-01 -2.09179907e-01
   1.15066295e-01 -2.07344342e-02  9.69701338e-02 -2.56650125e-02]
 [-2.39899570e-02 -2.17088481e-02  4.40937558e-01 -1.12914906e-01
  -2.35809203e-02 -9.14867162e-02 -7.93593244e-02  5.74729959e-02]
 [ 4.60425281e-02  2.39612496e-01  6.17128452e-02 -1.36772923e-01
  -1.31545426e-02 -1.69974547e-01  7.23231712e-02  2.21625442e-02]
 [-2.57771320e-01  1.04819130e-01  3.19878092e-01  2.56709820e-02
  -2.04541146e-01 -1.45856775e-01  6.07276577e-02 -1.45288660e-01]
 [ 2.23346531e-01  6.18122803e-02 -4.87534008e-02 -6.35865652e-03
   8.86306594e-02  1.68717133e-01 -9.92859110e-02  1.66618361e-01]
 [ 1.97334278e-01  2.35601151e-01  6.24028858e-02 -1.64539545e-01
   1.23918423e-02  1.29586417e-01  4.63910887e-02  2.48192334e-01]
 [-5.01865416e-02 -3.66481083e-01 -4.79517467e-02  1.38418641e-01
   7.60984416e-02  1.93266989e-01 -1.10219662e-01 -7.53588750e-02]
 [-1.08206948e-01  7.30519820e-02 -2.25170851e-01  6.61705363e-02
   8.68859983e-02 -1.57905923e-01  2.65416691e-01 -1.69497399e-01]
 [-5.81956521e-02  2.28561597e-01 -2.51248156e-01  2.38311510e-01
  -1.27426479e-01  8.17987396e-02  1.08387031e-01  4.81263460e-02]
 [ 3.14508610e-02 -3.48884544e-01  2.53269477e-02 -2.46394617e-01
   2.08542502e-01 -5.40864112e-03 -8.29294504e-02 -3.20349612e-02]
 [ 2.19330885e-01 -4.27078531e-02 -8.40407261e-02  1.08159516e-01
   3.61942201e-02  2.82140248e-01 -1.19040035e-01  8.36395361e-02]
 [ 7.13394424e-02  9.25998302e-02  2.48430992e-01  2.76811421e-02
  -8.02996888e-02  2.20367587e-01  3.68811382e-04  1.88591923e-01]
 [-1.16350208e-01 -4.19348745e-01 -8.99545350e-02  2.05460095e-02
  -3.80316574e-03  1.13698782e-01 -1.12646245e-01 -1.17736111e-01]
 [-1.19319131e-01 -1.01245605e-01 -1.88031935e-01  2.55997742e-01
  -1.74438962e-01 -1.48049133e-01  4.72494856e-02 -1.72145952e-01]
 [-2.77937786e-01 -2.11982784e-03 -2.29061241e-02  2.74228661e-02
  -6.23935404e-02 -2.72766302e-01  8.70381413e-02 -1.46789842e-01]
 [-5.13418872e-02  1.76303322e-01 -3.19585768e-01  1.83183533e-01
  -1.92205034e-02  1.28688200e-01  1.95524976e-02  2.52153472e-02]
 [ 1.26192652e-01  3.09958505e-01 -1.78314004e-01 -1.66135651e-01
   9.10867077e-02 -1.81746788e-02  1.64104320e-01 -2.11218611e-02]
 [-8.05485953e-02  3.74830534e-01 -4.25323834e-02 -1.33370002e-01
   4.34543689e-02 -2.23872450e-01  1.95191952e-01 -1.26729407e-03]
 [-1.47605930e-01  5.88749998e-02  3.06494206e-01  2.94130705e-01
  -2.52399378e-01 -7.67846018e-02 -7.82622525e-02  3.90698447e-02]
 [-2.13893068e-01  1.43011668e-01  1.23364480e-01  8.39097293e-02
  -5.38456066e-02 -2.95759176e-01  1.10000326e-01 -1.84691431e-01]
 [-3.34364833e-02 -2.72894635e-01 -1.45715309e-01  2.48212030e-01
  -4.62714534e-02  1.59523654e-01 -9.39444302e-02 -1.09491220e-01]
 [-1.66131991e-01  2.20872209e-01 -5.49834230e-02  1.13873265e-01
   6.06138214e-03 -2.84999454e-01  2.11238174e-01 -1.04461275e-01]
 [-1.09035474e-01 -1.67468047e-03  3.68740376e-01 -1.34865590e-01
  -6.38109724e-02 -1.85294455e-01 -5.38485375e-02 -9.05644767e-02]
 [ 1.55621456e-01  6.37828221e-02  1.68560824e-01  1.19931963e-01
  -8.73095353e-02  2.64657133e-01 -1.19414501e-02  2.74973131e-01]
 [-2.53685115e-02  3.32195251e-01 -2.74402022e-01  4.32954773e-02
  -6.51085920e-02  1.86183055e-02  8.44061262e-02  1.23882793e-01]
 [-6.73148306e-02  3.64623382e-01 -2.11455562e-01  1.27613956e-01
  -6.07492565e-02 -3.51555937e-02  7.85363118e-02  1.59528755e-01]
 [-1.56681495e-01  3.14017232e-01 -1.95979297e-01 -7.08727936e-02
   7.09173606e-02 -2.03445798e-01  1.57958800e-01 -4.96453796e-02]
 [-2.88605277e-02  5.63589444e-02  3.76447968e-01 -2.12156153e-01
   6.70385813e-02 -3.92699578e-02 -1.05708025e-01 -2.47200385e-02]
 [-6.26309986e-02 -3.31982864e-01 -8.03659644e-02 -9.34270253e-02
   9.95657786e-02 -8.95618742e-02  2.82274698e-02 -1.84368397e-01]
 [-6.88629321e-02  3.18507463e-02  2.07922236e-01 -2.78313406e-01
  -2.83970888e-02 -3.55760294e-01 -8.93263548e-02 -1.41467429e-01]
 [ 2.45140108e-01 -3.00807775e-02  1.78230483e-01 -2.51207526e-01
   5.93066136e-02  1.73241302e-01 -1.47136671e-01  5.41009552e-02]
 [-1.31945645e-01  2.77556722e-01 -1.89770382e-01  2.03461960e-01
  -1.23593178e-01 -7.54292125e-02  1.47222682e-01  1.33977096e-02]
 [ 1.59661751e-01 -1.87715073e-01  4.57751715e-02 -3.08777191e-01
   1.10837356e-01  7.09794250e-02 -1.04901666e-01 -1.15772463e-01]
 [ 1.46101464e-01 -3.39344121e-01 -1.40928115e-01 -1.17223302e-01
   1.48744125e-01  2.06751121e-01 -5.28856939e-02 -5.64532672e-03]
 [ 2.24216920e-01 -1.02119751e-01 -1.46812792e-01 -2.61692634e-01
   2.57294617e-01  1.14730820e-01  3.40740011e-03  4.73693063e-02]
 [-1.21411250e-01 -2.13430793e-01  2.30362432e-01  2.21707632e-01
  -1.04954430e-01  1.77327515e-01 -1.19181287e-01  1.28233184e-01]
 [-1.37087903e-01 -1.93835876e-01  3.26301466e-01  1.39038919e-01
  -1.01492169e-01 -1.14931422e-01 -1.17660275e-01  3.76138782e-02]]
