[[-0.38245629  0.10919366 -0.15136583  0.16430463]
 [ 0.00441815  0.13229778  0.48772425  0.0048724 ]
 [ 0.19449147 -0.3045674  -0.28095218 -0.11326955]
 [-0.33822526 -0.069945   -0.14798687  0.29350993]
 [-0.12650278 -0.26923868 -0.3297252  -0.26334597]
 [ 0.14341896 -0.40095682  0.15611966  0.10507013]
 [ 0.29415141  0.14796174 -0.05530292  0.22112886]
 [ 0.06142938  0.11391518  0.28995347 -0.26635267]
 [-0.2776501   0.19996469 -0.14812284 -0.26884573]
 [-0.16323866  0.0417809  -0.08541278 -0.4529026 ]
 [ 0.21757194 -0.09123928 -0.31181302  0.02871747]
 [-0.06517416 -0.08337356 -0.04543929 -0.46498396]
 [-0.19025493  0.26418026 -0.21442105  0.18643515]
 [ 0.40585389  0.08963719 -0.10752014 -0.07069492]
 [-0.11479413  0.37814552  0.05546311  0.24599292]
 [ 0.18404871 -0.10242932  0.03937385 -0.3831277 ]
 [ 0.39929757 -0.17765404  0.08219045  0.15639139]
 [-0.28842575 -0.15996921  0.00298581  0.29812281]
 [-0.05000157  0.02014171 -0.26423765 -0.24636494]
 [ 0.19121265 -0.38243882 -0.1914149   0.16202136]
 [ 0.09772829 -0.15474551  0.35688259 -0.22816266]
 [-0.12482294  0.17764931  0.08492835  0.2575788 ]
 [-0.36613904 -0.30657356  0.11277102  0.01813056]
 [ 0.08566212 -0.39168485 -0.16408538 -0.11036998]
 [-0.1575136   0.41355178  0.11634042 -0.08879236]
 [ 0.04611606  0.3814674   0.03926999 -0.11536413]
 [-0.15319723 -0.1963254   0.10022068  0.39273322]
 [-0.11747344  0.29472065 -0.21874452 -0.30043214]
 [-0.2299779  -0.13003071  0.31875012  0.23517048]
 [ 0.00817552  0.17922551  0.01322997  0.2869402 ]
 [ 0.15374195 -0.02199213  0.44521677  0.21605992]
 [-0.13279906 -0.13384751 -0.29986905  0.05380613]
 [-0.14210215 -0.04551107 -0.27067952  0.33321457]
 [-0.08740873 -0.21402811  0.03637157 -0.40536104]
 [ 0.26630349  0.34945131 -0.00932408 -0.10617134]
 [ 0.40392686 -0.03494728 -0.21877879  0.0233253 ]
 [-0.39500474  0.096053    0.07945677 -0.25472149]
 [-0.08660819 -0.25336008 -0.29611385 -0.10177187]
 [-0.09641811 -0.30886661 -0.04869812  0.24211383]
 [-0.10297573 -0.09330312  0.12511989 -0.45066247]
 [ 0.3511147   0.03783063  0.14150674 -0.25519085]
 [ 0.22162072  0.22155321  0.29223993 -0.04258409]
 [ 0.31217696  0.00491599 -0.28972321 -0.07693021]
 [ 0.03682546  0.29911565 -0.27919456  0.19718866]
 [ 0.17221707  0.33636963 -0.01909928  0.33802473]
 [ 0.22999649 -0.32147041  0.31976303  0.15813914]
 [ 0.24755662  0.18485177  0.33425116  0.13317214]
 [ 0.10435809 -0.20478024 -0.01092627 -0.39196311]
 [ 0.34523438  0.27230299  0.14117696  0.12777123]
 [-0.13743265  0.02178191  0.40078689  0.18713027]
 [-0.09583206 -0.38188459 -0.18675893  0.18766093]
 [ 0.29310206  0.11264344 -0.30296847  0.15934445]
 [ 0.35908468  0.06303235 -0.236582    0.21682802]
 [ 0.25297806  0.379941   -0.05993053  0.17133928]
 [-0.29492906 -0.00420415  0.24691673  0.24543118]
 [-0.12804545  0.17596194  0.14777226 -0.33568269]
 [-0.16815307  0.27356253  0.37652573  0.19682133]
 [-0.42752832 -0.1017455  -0.09712185  0.10618246]
 [ 0.43643467  0.07411568 -0.08226798  0.10919772]
 [-0.42160208  0.09425436 -0.00502246 -0.11255295]
 [-0.29474661 -0.04412678 -0.17497937 -0.34464484]
 [-0.33203224  0.14679221 -0.29898757 -0.10907719]
 [-0.00239488 -0.44719227  0.16733225 -0.08918544]
 [-0.02838748 -0.25593091  0.39293006 -0.01036268]]